0 335.364 1.07059e-16 1.01727e-16 8.02534e-22 3.09716e-06 
0 258.537 1.96115e-16 1.95343e-16 4.92327e-23 3.21743e-06 
0 260.683 1.29146e-16 1.26484e-16 7.50624e-23 2.87102e-06 
0 262.648 1.40639e-16 1.40636e-16 2.53946e-25 2.50314e-06 
0 258.442 2.82961e-16 2.82698e-16 5.86562e-24 4.64598e-06 
0 274.273 1.44283e-16 1.31272e-16 1.79751e-21 2.864e-06 
0 189.487 1.17585e-16 1.14031e-16 1.1142e-22 2.95322e-06 
0 166.069 2.28497e-15 1.64132e-15 2.04497e-20 1.07283e-05 
0 74.5145 1.39356e-15 1.09376e-15 3.11523e-21 8.28548e-06 
0 342.475 1.58469e-16 1.58468e-16 2.31008e-26 2.65695e-06 
