0 150.557 2.53749e-16 2.07248e-16 1.93506e-21 4.31278e-06 
0 164.564 5.76449e-16 5.70336e-16 1.85502e-22 5.07874e-06 
0 123.966 1.22486e-16 9.20285e-17 1.65598e-21 3.12711e-06 
1 96.309 1.09658e-16 3.33102e-17 2.01138e-21 5.99796e-06 
0 52.0187 1.78753e-16 1.00781e-16 1.75346e-21 5.19997e-06 
0 380.262 2.81481e-15 2.80997e-15 7.44583e-22 7.75786e-06 
0 235.759 7.12612e-16 4.95737e-16 3.16179e-21 5.80817e-06 
1 126.397 1.05688e-16 2.74383e-17 nan 6.58868e-06 
0 34.9935 1.01861e-16 6.2672e-17 nan 3.47089e-06 
0 297.986 1.90669e-16 1.88317e-16 1.87924e-22 3.39535e-06 
0 92.8863 4.17466e-16 4.17359e-16 nan 4.27522e-06 
0 171.832 7.06072e-16 7.06013e-16 3.25022e-24 5.37455e-06 
0 311.445 6.43886e-16 6.4333e-16 2.34773e-23 4.80726e-06 
0 259.459 1.30652e-16 1.211e-16 3.17287e-21 2.94379e-06 
0 362.93 2.61467e-15 1.45379e-15 1.50847e-20 1.57627e-05 
0 169.97 1.23621e-16 1.21327e-16 2.36251e-22 2.55821e-06 
0 125.048 1.58562e-16 1.5761e-16 5.521e-23 3.36381e-06 
0 42.7405 1.77112e-16 1.27015e-16 1.63036e-21 5.0583e-06 
0 68.2549 2.05264e-16 1.73263e-16 2.24331e-21 3.51071e-06 
0 168.064 6.26321e-16 5.29926e-16 5.08631e-21 6.29494e-06 
0 221.172 1.33083e-16 9.64116e-17 2.40334e-21 3.9008e-06 
0 54.7076 1.30652e-16 1.29313e-16 nan 2.87355e-06 
0 257.257 3.87783e-16 3.87331e-16 2.6002e-23 3.15011e-06 
0 301.117 9.05643e-16 8.60836e-16 3.7389e-21 4.95158e-06 
0 263.126 1.04477e-13 5.37892e-14 1.395e-19 5.75689e-05 
0 399.214 9.31041e-16 9.29974e-16 1.76725e-23 6.28529e-06 
0 252.655 4.13634e-16 3.15322e-16 nan 5.22401e-06 
0 192.52 1.67581e-16 1.16561e-16 nan 4.02286e-06 
0 179.936 1.20249e-16 9.62222e-17 5.35462e-22 4.07141e-06 
0 144.16 1.96469e-15 1.84594e-15 1.38686e-21 7.35584e-06 
1 167.432 3.0513e-16 1.36599e-16 1.26941e-20 5.50871e-06 
0 522.67 1.15895e-16 1.14847e-16 3.52971e-23 2.3703e-06 
0 247.143 2.42317e-16 1.45994e-16 1.28746e-21 6.30205e-06 
1 343.02 1.91109e-15 5.34201e-19 2.7814e-20 16.9391 
0 180.47 3.31528e-16 3.31403e-16 1.7727e-23 4.65089e-06 
0 50.0892 5.35462e-16 5.29215e-16 1.31247e-22 3.98637e-06 
0 219.462 9.83995e-16 8.11467e-16 2.16439e-21 7.54946e-06 
0 184.729 2.78256e-16 1.87878e-16 5.40424e-21 5.50967e-06 
0 121.55 5.06646e-16 4.95044e-16 4.37425e-22 3.86444e-06 
0 239.239 1.96016e-16 1.17471e-16 1.36002e-21 5.65921e-06 
1 299.795 7.81435e-16 3.02746e-16 1.86755e-20 1.56881e-05 
0 309.4 1.24766e-16 8.41863e-17 9.7586e-22 4.08791e-06 
0 298.768 1.34626e-15 7.91023e-16 3.89915e-21 1.07507e-05 
0 391.788 1.20249e-16 6.76675e-17 2.54826e-21 4.68248e-06 
0 113.195 4.92825e-16 3.14375e-16 1.05719e-20 7.17249e-06 
0 165.25 5.81788e-16 3.84931e-16 2.83441e-20 6.08685e-06 
0 53.3083 3.16592e-16 3.15536e-16 4.80877e-23 3.69882e-06 
0 89.1477 4.47353e-14 4.44415e-14 1.60464e-20 2.24625e-05 
0 168.634 4.06077e-16 1.82682e-16 5.91112e-21 7.76606e-06 
0 297.24 3.36145e-14 1.89751e-14 8.91331e-20 2.98877e-05 
0 236.67 1.24766e-16 7.03116e-17 1.90537e-21 5.01644e-06 
0 131.569 8.80937e-16 7.27995e-16 9.04332e-21 7.46805e-06 
0 266.36 1.08652e-16 1.06904e-16 7.769e-23 3.25978e-06 
1 333.971 1.58562e-16 3.89188e-17 1.05572e-20 1.31653e-05 
1 388.727 1.20526e-15 4.70321e-16 5.77095e-20 1.05116e-05 
0 89.5303 1.4327e-16 1.34594e-16 4.44868e-22 3.66582e-06 
0 345.895 4.88302e-16 4.88225e-16 9.32828e-24 4.18474e-06 
0 190.986 1.18324e-15 1.18232e-15 1.29148e-23 5.92247e-06 
0 233.622 1.33083e-16 9.02635e-17 7.4023e-22 4.77975e-06 
0 197.519 2.07643e-15 1.62389e-15 5.11022e-21 1.0687e-05 
0 268.203 1.39362e-16 1.3065e-16 4.93954e-22 2.91977e-06 
0 136.061 6.37977e-16 6.3795e-16 2.61854e-24 5.24334e-06 
0 157.134 1.25922e-16 1.19755e-16 nan 3.15968e-06 
0 257.147 3.0513e-16 3.04995e-16 8.70964e-24 3.7935e-06 
0 139.712 1.07903e-15 5.8289e-16 1.4497e-20 8.99599e-06 
0 135.173 1.34316e-16 9.75184e-17 7.87402e-21 4.10025e-06 
0 126.823 4.17466e-16 4.00189e-16 nan 4.134e-06 
0 155.542 3.60211e-16 2.39482e-16 3.07547e-20 5.30272e-06 
0 79.5548 1.03757e-16 1.00735e-16 9.6211e-23 3.02536e-06 
0 158.672 1.83766e-16 1.47426e-16 1.06538e-21 4.42663e-06 
0 351.928 1.90669e-16 1.88798e-16 5.14268e-23 2.95596e-06 
1 129.17 1.61886e-15 3.86958e-16 1.63203e-20 2.88389e-05 
0 316.5 2.73803e-15 2.55583e-15 3.10013e-21 9.83556e-06 
0 249.768 1.66426e-15 1.10745e-15 5.50953e-21 1.00697e-05 
0 165.867 1.64519e-16 1.59997e-16 1.50115e-22 3.16263e-06 
0 303.771 3.31528e-16 3.30353e-16 1.38046e-22 3.98172e-06 
0 58.7735 1.00231e-15 9.23096e-16 2.17889e-21 5.30155e-06 
0 225.219 3.02329e-16 3.0231e-16 5.08556e-25 3.50039e-06 
0 219.128 1.94217e-16 1.09334e-16 3.0274e-21 5.17643e-06 
0 128.508 1.82079e-16 1.30715e-16 2.24989e-21 3.76396e-06 
0 224.869 1.85468e-16 1.15259e-16 4.84426e-21 4.91721e-06 
0 346.406 4.3716e-16 2.52165e-16 2.86395e-21 8.57196e-06 
0 181.569 1.01159e-15 9.68419e-16 9.94045e-22 5.79438e-06 
0 183.596 2.60865e-16 1.85534e-16 3.49558e-21 2.50143e-06 
0 318.737 1.51419e-16 1.19292e-16 nan 4.08641e-06 
0 364.017 2.05264e-16 2.05183e-16 1.54785e-23 3.52483e-06 
0 145.213 1.13777e-16 1.09921e-16 2.31451e-22 2.68474e-06 
0 148.411 1.11699e-16 7.46354e-17 7.46981e-21 4.10533e-06 
0 293.836 1.23621e-16 1.17941e-16 6.41838e-22 3.0879e-06 
0 105.686 2.1102e-16 1.61149e-16 nan 4.22011e-06 
0 108.096 2.29277e-16 2.2114e-16 5.14296e-22 3.82019e-06 
1 367.013 1.94217e-16 9.0988e-17 1.46655e-21 7.59501e-06 
0 255.898 1.16968e-16 1.116e-16 1.16755e-21 3.13735e-06 
0 120.149 2.8606e-16 1.94479e-16 5.12089e-21 4.84867e-06 
0 242.662 1.05688e-16 9.72027e-17 5.92118e-22 3.10825e-06 
0 350.299 1.01861e-16 1.01514e-16 2.78283e-23 2.61508e-06 
0 139.594 1.14831e-16 1.09734e-16 nan 2.85087e-06 
0 245.562 5.40422e-16 5.35617e-16 inf 5.1728e-06 
0 57.3609 1.12733e-16 6.54203e-17 1.54395e-21 4.32638e-06 
0 223.768 1.72281e-16 1.71264e-16 nan 3.16337e-06 
