0 291.965 6.81743e-11 6.81743e-11 0 
0 288.097 4.16675e-11 4.16675e-11 0 
0 512.93 2.66869e-12 2.66869e-12 0 
0 408.305 5.20206e-11 5.20206e-11 0 
0 121.806 8.41167e-11 8.41167e-11 0 
0 276.038 6.68201e-11 6.68201e-11 0 
0 214.361 8.06507e-11 8.06507e-11 0 
0 478.913 3.45769e-11 3.45769e-11 0 
0 207.998 4.75791e-11 4.75791e-11 0 
0 604.128 5.69846e-11 5.69846e-11 0 
0 497.635 5.48113e-11 5.48113e-11 0 
0 406.584 1.86701e-11 1.86701e-11 0 
0 146.202 6.53282e-11 6.53282e-11 0 
0 453.1 3.00288e-11 3.00288e-11 0 
0 163.226 3.18248e-11 3.18248e-11 0 
0 349.778 6.07789e-11 6.07789e-11 0 
0 290.47 8.30326e-11 8.30326e-11 0 
0 135.325 4.06938e-11 4.06938e-11 0 
0 235.643 8.64948e-12 8.64948e-12 0 
0 669.679 1.85226e-11 1.85226e-11 0 
0 417.684 6.02308e-12 6.02308e-12 0 
0 267.618 8.39524e-11 8.39524e-11 0 
0 107.311 3.33387e-11 3.33387e-11 0 
0 260.834 5.99338e-11 5.99338e-11 0 
0 119.632 5.65591e-11 5.65591e-11 0 
0 356.343 9.39073e-11 9.39073e-11 0 
0 135.773 3.30513e-11 3.30513e-11 0 
0 531.702 6.52188e-11 6.52188e-11 0 
0 231.998 2.25387e-11 2.25387e-11 0 
0 293.292 6.3383e-11 6.3383e-11 0 
0 111.771 7.66707e-11 7.66707e-11 0 
0 509.813 9.65715e-11 9.65715e-11 0 
0 355.39 2.1044e-11 2.1044e-11 0 
0 275.044 5.67991e-11 5.67984e-11 1.99669e-22 
0 113.911 6.57393e-11 6.57393e-11 0 
0 581.532 3.25267e-11 3.25267e-11 0 
0 458.033 9.53394e-11 9.53394e-11 0 
0 279.321 7.86332e-11 7.86332e-11 0 
0 446.593 7.41875e-11 7.41875e-11 0 
0 353.522 1.74886e-11 1.74886e-11 0 
0 108.68 3.2285e-11 3.2285e-11 0 
0 277.783 2.78818e-11 2.78818e-11 0 
0 376.147 2.23456e-11 2.23455e-11 2.03062e-23 
0 617.861 4.74942e-11 4.74942e-11 0 
0 210.489 2.9009e-11 2.9009e-11 0 
0 192.377 1.87903e-11 1.87903e-11 0 
0 183.694 7.0795e-11 7.0795e-11 0 
0 171.642 5.48846e-12 5.48846e-12 0 
0 233.722 1.16023e-12 1.16023e-12 0 
0 265.902 8.42911e-11 8.42911e-11 0 
0 104.862 4.99874e-11 4.99874e-11 0 
0 269.819 5.34464e-12 5.34464e-12 0 
0 280.777 7.66379e-13 7.66379e-13 0 
0 291.102 6.34579e-11 6.34579e-11 0 
0 123.94 5.28696e-11 5.28696e-11 0 
0 249.611 3.33786e-11 3.33736e-11 3.14751e-21 
0 283.024 6.91122e-11 6.91122e-11 0 
0 570.695 4.85815e-12 4.85815e-12 0 
0 166.875 1.0916e-12 1.0916e-12 0 
0 119.925 9.40069e-11 9.40069e-11 0 
0 83.0542 4.113e-12 4.113e-12 0 
0 222.833 9.26551e-11 9.26551e-11 0 
0 390.703 9.18939e-11 9.18939e-11 0 
0 273.963 4.26526e-11 4.26526e-11 0 
0 229.567 1.98377e-12 1.98377e-12 0 
0 334.01 2.00399e-11 2.00399e-11 0 
0 96.537 2.3667e-11 2.3667e-11 0 
0 159.294 1.45763e-11 1.45763e-11 0 
0 247.511 7.11689e-11 7.11689e-11 0 
0 157.879 4.30587e-11 4.30587e-11 0 
0 92.3985 2.37243e-11 2.37243e-11 0 
0 198.561 3.46839e-11 3.46839e-11 0 
0 280.597 5.03714e-11 5.03714e-11 0 
0 467.139 6.77138e-11 6.77138e-11 0 
0 187.541 7.0477e-11 7.0477e-11 0 
0 112.56 8.95167e-11 8.95167e-11 0 
0 297.46 9.78574e-11 9.78574e-11 0 
0 579.298 9.29921e-11 9.29921e-11 0 
0 244.145 9.51305e-11 9.51305e-11 0 
0 569.334 2.34348e-11 2.34348e-11 0 
0 220.327 1.81213e-11 1.81213e-11 0 
0 113.131 1.37122e-11 1.37122e-11 0 
0 215.244 3.65573e-11 3.65573e-11 0 
0 429.363 7.9624e-11 7.9624e-11 0 
0 157.853 2.18447e-12 2.18447e-12 0 
0 122.798 6.55793e-11 6.55793e-11 0 
0 172.82 5.98049e-11 5.98049e-11 0 
0 141.946 3.48448e-12 3.48448e-12 0 
0 120.229 9.76027e-12 9.76027e-12 0 
0 115.345 3.59054e-11 3.59054e-11 0 
0 398.258 1.96815e-11 1.96815e-11 0 
0 198.327 8.71175e-11 8.71175e-11 0 
0 238.541 9.28069e-11 9.28069e-11 0 
0 549.615 1.64905e-11 1.64905e-11 0 
0 82.7361 6.66706e-11 6.66706e-11 0 
0 72.0284 3.22374e-11 3.22374e-11 0 
0 94.5089 1.56281e-11 1.56281e-11 0 
0 112.342 4.11738e-11 4.11738e-11 0 
0 147.053 9.57987e-11 9.57987e-11 0 
0 359.627 5.64917e-11 5.64917e-11 0 
