0 12.8232 7.54068e-11 7.54068e-11 0 
0 66.6965 6.38259e-11 6.38259e-11 0 
0 100.753 8.86366e-11 8.86366e-11 0 
0 52.6575 5.32151e-11 5.32149e-11 9.61217e-23 
0 70.963 2.81258e-11 2.81258e-11 0 
0 52.7011 1.67071e-11 1.67071e-11 0 
0 72.6276 4.09348e-11 4.09348e-11 0 
0 51.5187 2.39193e-11 2.39193e-11 0 
0 10.4321 7.97966e-11 7.97966e-11 0 
0 26.2944 5.83044e-11 5.83044e-11 0 
0 9.25452 7.52472e-11 7.52472e-11 0 
0 26.4271 9.67096e-11 9.67096e-11 0 
0 78.5944 3.30345e-11 3.30345e-11 0 
0 1.84977 7.65366e-11 7.65366e-11 0 
0 38.7532 9.35548e-11 9.35548e-11 0 
0 12.7527 7.21723e-11 7.21723e-11 0 
0 21.8442 6.51004e-11 6.51004e-11 0 
0 20.2269 9.98927e-11 9.98927e-11 0 
0 70.2842 4.62782e-11 4.62782e-11 0 
0 12.0137 7.80207e-11 7.80207e-11 0 
0 21.397 8.51631e-11 8.51631e-11 0 
0 11.5953 9.43738e-11 9.43738e-11 0 
0 14.3343 6.58233e-11 6.58233e-11 0 
0 14.5204 7.48108e-11 7.48108e-11 0 
0 57.5104 7.73341e-11 7.73341e-11 0 
0 21.946 3.46377e-11 3.46377e-11 0 
0 36.4354 8.75711e-11 8.75711e-11 0 
0 8.47903 9.57677e-11 9.57677e-11 0 
0 21.7731 7.05981e-11 7.05981e-11 0 
0 29.0101 2.02583e-11 2.02583e-11 0 
0 15.1727 6.24627e-11 6.24627e-11 0 
0 54.8354 8.1177e-11 8.1177e-11 0 
0 11.2334 9.57127e-11 9.57127e-11 0 
0 14.8363 9.38784e-11 9.38784e-11 0 
0 75.6294 5.66241e-11 5.66241e-11 0 
0 133.031 6.00559e-11 6.00559e-11 0 
0 38.4546 9.41637e-11 9.41637e-11 0 
0 90.8649 7.39094e-11 7.39094e-11 0 
0 235.072 5.26504e-11 5.26504e-11 0 
0 61.5378 8.90423e-11 8.90423e-11 0 
0 81.5758 3.73433e-11 3.73433e-11 0 
0 11.7083 9.52502e-11 9.52502e-11 0 
0 3.15544 6.40189e-11 6.40189e-11 0 
0 26.49 9.48161e-11 9.48161e-11 0 
0 64.2246 9.78606e-11 9.78606e-11 0 
0 10.1306 8.45958e-11 8.45958e-11 0 
0 61.3944 4.45236e-11 4.45236e-11 0 
0 13.8071 9.07616e-11 9.07616e-11 0 
0 1.93311 5.77191e-11 5.77191e-11 0 
0 36.3209 7.45858e-11 7.45858e-11 0 
0 28.0715 9.67026e-11 9.67026e-11 0 
0 81.3708 7.66455e-11 7.66455e-11 0 
0 27.4971 6.85986e-11 6.85986e-11 0 
0 86.7242 4.10374e-11 4.10374e-11 0 
0 148.029 7.02745e-11 7.02745e-11 0 
0 100.067 5.38307e-11 5.38307e-11 0 
0 21.7765 7.77788e-11 7.77788e-11 0 
0 37.4257 1.56078e-11 1.56078e-11 0 
0 64.9897 9.25092e-11 9.25092e-11 0 
0 54.6248 9.6313e-11 9.6313e-11 0 
0 129.993 4.65174e-11 4.65174e-11 0 
0 44.0947 5.59562e-11 5.59562e-11 0 
0 64.4871 5.8735e-11 5.8735e-11 0 
0 24.4426 4.39916e-11 4.39916e-11 0 
0 31.2762 6.93018e-11 6.93018e-11 0 
0 26.6658 5.33421e-11 5.33421e-11 0 
0 9.73396 8.77534e-11 8.77534e-11 6.88957e-24 
