1 66.9092 0.171081 nan 5.16517e-12 0 2.02254e-07 2.67967e-08 -277.61 -162.153 59.7357
1 90.7391 0.785688 nan 1.19725e-11 0 2.67668e-07 6.88423e-08 -213.046 146.312 -152.497
1 173.228 0.00441242 nan 1.35272e-12 0 1.29401e-07 2.93886e-08 -83.6226 -246.889 -47.8776
1 107.534 0.0417248 nan 2.78589e-12 0 1.64635e-07 5.07795e-08 74.6932 157.634 -253.316
1 184.474 1.06679 nan 2.30004e-10 0 7.16881e-07 1.38106e-07 139.48 -83.0601 251.053
1 107.081 0.192061 nan 3.51534e-11 0 3.83287e-07 7.85855e-08 185.098 -183.181 -117.06
1 162.609 0.00736911 nan 2.37963e-12 0 1.56208e-07 4.04527e-08 162.844 95.6476 36.5003
1 249.112 0.0886363 nan 2.47903e-09 0 1.58354e-06 3.11963e-07 49.0339 -150.428 -97.3123
1 145.446 1.43532 9.27112e-18 5.81335e-12 0 2.10383e-07 3.7303e-08 -56.4125 -37.7102 -42.9296
1 71.2702 0.00419196 nan 3.70498e-11 0 3.90059e-07 4.0014e-08 -49.3468 -180.255 -363.844
