1 150.557 8.70141e-11 0 5.81846e-17 inf 
1 164.564 5.89021e-12 0 1.36393e-17 inf 
1 123.966 1.94651e-11 0 nan inf 
1 96.309 5.9681e-12 0 9.81695e-18 inf 
1 52.0187 9.88449e-10 0 2.08124e-16 inf 
1 380.262 7.83343e-11 0 6.82016e-17 inf 
1 235.759 2.70317e-11 0 2.98146e-17 inf 
1 126.397 2.59872e-11 0 2.79177e-17 inf 
1 34.9935 2.22836e-12 0 4.45744e-18 inf 
1 297.986 5.21323e-11 0 3.78419e-17 inf 
1 92.8863 4.83683e-12 0 nan inf 
1 171.832 2.22836e-12 0 nan inf 
1 311.445 9.57644e-12 0 1.47927e-17 inf 
1 259.459 1.75234e-11 0 1.9435e-17 inf 
1 362.93 2.57476e-12 0 5.7298e-18 inf 
1 169.97 7.0794e-12 0 1.21768e-17 inf 
1 125.048 5.03124e-12 0 7.90511e-18 inf 
1 42.7405 2.57867e-09 0 7.17794e-16 inf 
1 68.2549 5.81335e-12 0 1.03357e-17 inf 
1 168.064 1.1108e-12 0 4.16261e-18 inf 
1 221.172 4.47026e-12 0 nan inf 
1 54.7076 2.97501e-12 0 7.64029e-18 inf 
1 257.257 2.27883e-11 0 2.99636e-17 inf 
1 301.117 2.86005e-12 0 4.59919e-18 inf 
1 263.126 1.29042e-10 0 7.18517e-17 inf 
1 399.214 2.97501e-12 0 4.24947e-18 inf 
1 252.655 9.08626e-12 0 1.5159e-17 inf 
1 192.52 7.33548e-11 0 nan inf 
1 179.936 6.2174e-09 0 9.90114e-16 inf 
1 144.16 1.85404e-12 0 4.43082e-18 inf 
1 167.432 8.50868e-12 0 1.26346e-17 inf 
1 522.67 1.05395e-12 0 2.69703e-18 inf 
1 247.143 1.92856e-12 0 4.68241e-18 inf 
1 343.02 1.2502e-12 0 4.04521e-18 inf 
1 180.47 8.58786e-11 0 5.2686e-17 inf 
1 50.0892 5.89021e-12 0 8.5202e-18 inf 
1 219.462 2.31792e-12 0 5.84581e-18 inf 
1 184.729 1.34228e-10 0 7.59957e-17 inf 
1 121.55 2.67825e-12 0 5.73155e-18 inf 
1 239.239 1.04019e-12 0 2.72704e-18 inf 
1 299.795 4.35435e-12 0 7.23994e-18 inf 
1 309.4 2.93618e-12 0 7.00007e-18 inf 
1 298.768 1.28348e-12 0 4.02623e-18 inf 
1 391.788 1.09631e-12 0 2.9727e-18 inf 
1 113.195 9.70306e-12 0 1.42101e-17 inf 
1 165.25 1.69117e-12 0 4.12934e-18 inf 
1 53.3083 8.85067e-12 0 1.00432e-17 inf 
1 89.1477 4.83683e-12 0 1.15314e-17 inf 
1 168.634 6.54287e-12 0 1.23711e-17 inf 
1 297.24 3.12338e-11 0 4.19493e-17 inf 
1 236.67 3.97183e-12 0 8.84811e-18 inf 
1 131.569 1.92856e-12 0 5.08343e-18 inf 
1 266.36 2.6088e-12 0 4.77457e-18 inf 
1 333.971 2.34857e-12 0 nan inf 
1 388.727 7.76121e-12 0 1.04936e-17 inf 
1 89.5303 1.05964e-10 0 nan inf 
1 345.895 2.13397e-11 0 2.06825e-17 inf 
1 190.986 6.54287e-12 2.26896e-13 1.91091e-17 0.0022752 
1 233.622 5.89021e-12 0 8.21499e-18 inf 
1 197.519 1.39623e-10 0 9.47159e-17 inf 
1 268.203 3.17696e-12 0 5.86491e-18 inf 
1 136.061 1.50261e-12 0 4.61635e-18 inf 
1 157.134 3.81836e-12 0 nan inf 
1 257.147 7.0794e-12 0 1.27743e-17 inf 
1 139.712 1.21308e-11 0 1.37607e-17 inf 
1 135.173 2.6433e-12 0 8.03243e-18 inf 
1 126.823 6.45749e-12 0 nan inf 
1 155.542 1.1662e-11 0 1.379e-17 inf 
1 79.5548 1.69117e-12 0 4.42762e-18 inf 
1 158.672 1.17073e-12 3.95313e-16 5.2925e-18 120.553 
1 351.928 1.6691e-12 0 4.04888e-18 inf 
1 129.17 1.92856e-12 0 6.26311e-18 inf 
1 316.5 2.14225e-12 0 5.17393e-18 inf 
1 249.768 5.26175e-10 0 1.75662e-16 inf 
1 165.867 5.49447e-11 0 4.11032e-17 inf 
1 303.771 1.70031e-10 0 8.73809e-17 inf 
1 58.7735 3.39262e-12 0 6.26081e-18 inf 
1 225.219 1.67812e-10 0 1.18292e-16 inf 
1 219.128 1.69117e-12 0 5.37762e-18 inf 
1 128.508 3.41095e-10 0 1.38419e-16 inf 
1 224.869 6.98702e-12 0 9.11535e-18 inf 
1 346.406 2.67825e-12 0 5.38698e-18 inf 
1 181.569 2.93618e-12 0 5.71746e-18 inf 
1 183.596 1.15545e-12 0 5.40817e-18 inf 
1 318.737 2.05948e-12 0 nan inf 
1 364.017 1.22912e-11 0 1.79824e-17 inf 
1 145.213 5.51579e-12 0 1.26543e-17 inf 
1 148.411 1.73619e-12 0 4.63452e-18 inf 
1 293.836 2.14225e-12 0 5.33954e-18 inf 
1 105.686 1.71613e-09 0 nan inf 
1 108.096 1.75234e-11 0 2.41076e-17 inf 
1 367.013 4.29753e-12 0 7.67492e-18 inf 
1 255.898 2.28768e-12 0 9.5525e-18 inf 
1 120.149 2.22836e-12 0 6.48942e-18 inf 
1 242.662 1.38873e-12 0 2.94147e-18 inf 
1 350.299 5.81335e-12 0 8.89086e-18 inf 
1 139.594 3.62291e-12 0 nan inf 
1 245.562 1.50261e-12 0 nan inf 
1 57.3609 3.62291e-12 0 5.1768e-18 inf 
1 223.768 3.17696e-12 0 8.06455e-18 inf 
